20
#note 1
0 1
3 0 2
0.0 2.0 1.0 0.0 1
#note 2
0 1
4 2 2
0.0 2.0 1.0 0.0 1
#note 3
0 1
5 4 2
0.0 2.0 1.0 0.0 1
#note 4
0 1
2 6 2
0.0 2.0 1.0 0.0 1
#note 5
0 1
10 8 2
0.0 2.0 1.0 0.0 1
#note 6
0 1
13 10 2
0.0 2.0 1.0 0.0 1
#note 7
0 1
11 12 2
0.0 2.0 1.0 0.0 1
#note 8
0 1
12 14 2
0.0 2.0 1.0 0.0 1
#note 9: 表演1
#@lane 0
0 12
0 16 16
0.0 2.0 0.1 0.7 1
2.0 4.0 0.7 0.1 1
4.0 6.0 0.1 0.7 1
6.0 8.0 0.7 0.1 1
8.0 10.0 0.4 0.4 0
10.0 12.0 1.1 1.1 0
12.0 12.5 0.4 0.4 0
12.5 13.0 1.1 1.1 0
13.0 13.5 0.4 0.4 0
13.5 14.0 1.1 1.1 0
14.0 15.0 0.4 0.4 0
15.0 16.0 0.4 0.0 2
#note 10: 表演2
#@lane 1
0 13
1 18 17.5
0.0 2.0 0.1 0.7 1
2.0 4.0 0.7 0.1 1
4.0 6.0 0.1 0.7 1
6.0 8.0 0.7 0.1 1
8.0 8.5 1.1 1.1 0
8.5 10.5 0.4 0.4 0
10.5 12.0 1.1 1.1 0
12.0 12.5 0.4 0.4 0
12.5 13.0 1.1 1.1 0
13.0 13.5 0.4 0.4 0
13.5 14.0 1.1 1.1 0
14.0 16.5 0.4 0.4 0
16.5 17.5 0.4 0.0 2
#note 11: 表演3
#@lane 14
0 13
14 20 19
0.0 2.0 0.1 0.7 1
2.0 4.0 0.7 0.1 1
4.0 6.0 0.1 0.7 1
6.0 8.0 0.7 0.1 1
8.0 9.0 1.1 1.1 0
9.0 11.0 0.4 0.4 0
11.0 12.0 1.1 1.1 0
12.0 12.5 0.4 0.4 0
12.5 13.0 1.1 1.1 0
13.0 13.5 0.4 0.4 0
13.5 14.0 1.1 1.1 0
14.0 18.0 0.4 0.4 0
18.0 19.0 0.4 0.0 2
#note 12: 表演4
#@lane 15
0 13
15 22 20.5
0.0 2.0 0.1 0.7 1
2.0 4.0 0.7 0.1 1
4.0 6.0 0.1 0.7 1
6.0 8.0 0.7 0.1 1
8.0 9.5 1.1 1.1 0
9.5 11.5 0.4 0.4 0
11.5 12.0 1.1 1.1 0
12.0 12.5 0.4 0.4 0
12.5 13.0 1.1 1.1 0
13.0 13.5 0.4 0.4 0
13.5 14.0 1.1 1.1 0
14.0 19.5 0.4 0.4 0
19.5 20.5 0.4 0.0 3
#note 13: 四1
0 2
2 26.75 2.75
0.0 2.0 0.4 0.4 0
2.0 2.75 0.35 0.0 2
#note 14: 四2
0 2
3 26.75 2
0.0 1.25 0.4 0.4 0
1.25 2 0.35 0.0 2
#note 15: 四3
0 2
4 26.75 1.75
0.0 1 0.4 0.4 0
1 1.75 0.35 0.0 2
#note 16: 四4
0 2
5 26.75 1.25
0.0 0.5 0.4 0.4 0
0.5 1.25 0.35 0.0 2
#note 17: 四5
0 1
10 27 1
0.0 1.0 0.35 0.0 2
#note 18: 四6
0 1
11 27 1
0.0 1.0 0.35 0.0 2
#note 19: 四7
0 1
12 27 1
0.0 1.0 0.35 0.0 2
#note 20: 四8
0 1
13 27 1
0.0 1.0 0.35 0.0 2