150

#32个交互tap
#4组地线
0 1
0 0.00 2
0 2 1 0 1
0 1
4 0.25 2
0 2 1 0 1
0 1
2 0.50 2
0 2 1 0 1
0 1
4 0.75 2
0 2 1 0 1

0 1
0 1.00 2
0 2 1 0 1
0 1
4 1.25 2
0 2 1 0 1
0 1
2 1.50 2
0 2 1 0 1
0 1
4 1.75 2
0 2 1 0 1

0 1
0 2.00 2
0 2 1 0 1
0 1
5 2.25 2
0 2 1 0 1
0 1
3 2.50 2
0 2 1 0 1
0 1
5 2.75 2
0 2 1 0 1

0 1
0 3.00 2
0 2 1 0 1
0 1
4 3.25 2
0 2 1 0 1
0 1
2 3.50 2
0 2 1 0 1
0 1
4 3.75 2
0 2 1 0 1

#4组天线
0 1
8 4.00 2
0 2 1 0 1
0 1
13 4.25 2
0 2 1 0 1
0 1
10 4.50 2
0 2 1 0 1
0 1
13 4.75 2
0 2 1 0 1

0 1
9 5.00 2
0 2 1 0 1
0 1
13 5.25 2
0 2 1 0 1
0 1
11 5.50 2
0 2 1 0 1
0 1
13 5.75 2
0 2 1 0 1

0 1
8 6.00 2
0 2 1 0 1
0 1
15 6.25 2
0 2 1 0 1
0 1
14 6.50 2
0 2 1 0 1
0 1
15 6.75 2
0 2 1 0 1

0 1
9 7.00 2
0 2 1 0 1
0 1
13 7.25 2
0 2 1 0 1
0 1
11 7.50 2
0 2 1 0 1
0 1
13 7.75 2
0 2 1 0 1

#8~16秒锁手长条
1 1
0 8 2 2 3.5
0 2 1 0 1
1 1
7 8 2 2 3.5
0 2 1 0 1

1 1
8 12 2 2 3.5
0 2 1 0 1
1 1
15 12 2 2 3.5
0 2 1 0 1

#悬空出发note
#8~12秒7组双压
0 1
5 8 0.8
0 0.8 0.4 0 1
0 1
6 8 0.8
0 0.8 0.4 0 1

0 1
5 8.5 0.8
0 0.8 0.4 0 1
0 1
6 8.5 0.8
0 0.8 0.4 0 1

0 1
4 9.0 0.8
0 0.8 0.4 0 1
0 1
5 9.0 0.8
0 0.8 0.4 0 1

0 1
4 9.5 0.8
0 0.8 0.4 0 1
0 1
5 9.5 0.8
0 0.8 0.4 0 1

0 1
10 10 0.8
0 0.8 0.4 0 1
0 1
11 10 0.8
0 0.8 0.4 0 1

0 1
10 10.5 0.8
0 0.8 0.4 0 1
0 1
11 10.5 0.8
0 0.8 0.4 0 1

0 1
9 11 0.8
0 0.8 0.4 0 1
0 1
10 11 0.8
0 0.8 0.4 0 1

#12~16秒另外7组双压
0 1
12 12 0.8
0 0.8 0.4 0 1
0 1
14 12 0.8
0 0.8 0.4 0 1

0 1
12 12.5 0.8
0 0.8 0.4 0 1
0 1
14 12.5 0.8
0 0.8 0.4 0 1

0 1
9 13 0.8
0 0.8 0.4 0 1
0 1
11 13 0.8
0 0.8 0.4 0 1

0 1
9 13.5 0.8
0 0.8 0.4 0 1
0 1
11 13.5 0.8
0 0.8 0.4 0 1

0 1
4 14 0.8
0 0.8 0.4 0 1
0 1
6 14 0.8
0 0.8 0.4 0 1

0 1
1 14.5 0.8
0 0.8 0.4 0 1
0 1
3 14.5 0.8
0 0.8 0.4 0 1

0 1
3 15 0.8
0 0.8 0.4 0 1
0 1
4 15 0.8
0 0.8 0.4 0 1

#判定线note
0 2
3 15.25 8.25
0 8 0.4 0.4 0
8 8.25 0.4 0 2
0 2
4 15.25 8.25
0 8 0.4 0.4 0
8 8.25 0.4 0 2

0 2
2 15.5 8.5
0 8 0.4 0.4 0
8 8.5 0.4 0 2
0 2
5 15.5 8.5
0 8 0.4 0.4 0
8 8.5 0.4 0 2

0 2
1 15.75 8.75
0 8 0.4 0.4 0
8 8.75 0.4 0 2
0 2
6 15.75 8.75
0 8 0.4 0.4 0
8 8.75 0.4 0 2

#16~24秒双压海
#共计32个双压
#16秒
0 1
0 16.00 2
0 2 1 0 1
0 1
7 16.00 2
0 2 1 0 1

0 1
3 16.25 2
0 2 1 0 1
0 1
4 16.25 2
0 2 1 0 1

0 1
2 16.50 2
0 2 1 0 1
0 1
5 16.50 2
0 2 1 0 1

0 1
3 16.75 2
0 2 1 0 1
0 1
4 16.75 2
0 2 1 0 1

#17秒
0 1
0 17.00 2
0 2 1 0 1
0 1
7 17.00 2
0 2 1 0 1

0 1
3 17.25 2
0 2 1 0 1
0 1
4 17.25 2
0 2 1 0 1

0 1
2 17.50 2
0 2 1 0 1
0 1
7 17.50 2
0 2 1 0 1

0 1
3 17.75 2
0 2 1 0 1
0 1
4 17.75 2
0 2 1 0 1

#18秒
0 1
0 18.00 2
0 2 1 0 1
0 1
15 18.00 2
0 2 1 0 1

0 1
11 18.25 2
0 2 1 0 1
0 1
13 18.25 2
0 2 1 0 1

0 1
10 18.50 2
0 2 1 0 1
0 1
15 18.50 2
0 2 1 0 1

0 1
11 18.75 2
0 2 1 0 1
0 1
13 18.75 2
0 2 1 0 1

#19秒
0 1
0 19.00 2
0 2 1 0 1
0 1
14 19.00 2
0 2 1 0 1

0 1
2 19.25 2
0 2 1 0 1
0 1
12 19.25 2
0 2 1 0 1

0 1
1 19.50 2
0 2 1 0 1
0 1
14 19.50 2
0 2 1 0 1

0 1
2 19.75 2
0 2 1 0 1
0 1
12 19.75 2
0 2 1 0 1

#20秒
0 1
8 20.00 2
0 2 1 0 1
0 1
6 20.00 2
0 2 1 0 1

0 1
3 20.25 2
0 2 1 0 1
0 1
15 20.25 2
0 2 1 0 1

0 1
10 20.50 2
0 2 1 0 1
0 1
6 20.50 2
0 2 1 0 1

0 1
3 20.75 2
0 2 1 0 1
0 1
15 20.75 2
0 2 1 0 1

#21秒
0 1
9 21.00 2
0 2 1 0 1
0 1
5 21.00 2
0 2 1 0 1

0 1
3 21.25 2
0 2 1 0 1
0 1
14 21.25 2
0 2 1 0 1

0 1
10 21.50 2
0 2 1 0 1
0 1
5 21.50 2
0 2 1 0 1

0 1
3 21.75 2
0 2 1 0 1
0 1
14 21.75 2
0 2 1 0 1

#22秒
0 1
0 22.00 2
0 2 1 0 1
0 1
15 22.00 2
0 2 1 0 1

0 1
1 22.25 2
0 2 1 0 1
0 1
14 22.25 2
0 2 1 0 1

0 1
2 22.50 2
0 2 1 0 1
0 1
13 22.50 2
0 2 1 0 1

0 1
3 22.75 2
0 2 1 0 1
0 1
12 22.75 2
0 2 1 0 1

#23秒
0 1
4 23.00 2
0 2 1 0 1
0 1
11 23.00 2
0 2 1 0 1

0 1
4 23.25 2
0 2 1 0 1
0 1
11 23.25 2
0 2 1 0 1

0 1
5 23.50 2
0 2 1 0 1
0 1
10 23.50 2
0 2 1 0 1

0 1
6 23.75 2
0 2 1 0 1
0 1
9 23.75 2
0 2 1 0 1

#结尾闪现
#先来一个双压
0 1
7 24 2
0 2 1 0 1
0 1
8 24 2
0 2 1 0 1

#前缀双压
0 1
0 26 2
0 2 1 0 1
0 1
7 26 2
0 2 1 0 1

#第一组出现的双压
0 2
11 26.75 2
0 1.25 0.4 0.4 0
1.25 2 0.35 0 2
0 2
12 26.75 2
0 1.25 0.4 0.4 0
1.25 2 0.35 0 2

#第二组出现的双压
0 2
10 26.75 1.75
0 1 0.4 0.4 0
1 1.75 0.35 0 2
0 2
13 26.75 1.75
0 1 0.4 0.4 0
1 1.75 0.35 0 2

#第三组出现的双压
0 2
9 26.75 1.25
0 0.5 0.4 0.4 0
0.5 1.25 0.35 0 2
0 2
14 26.75 1.25
0 0.5 0.4 0.4 0
0.5 1.25 0.35 0 2

#最后一组6压tap
0 1
1 27 1
0 1 0.35 0 2
0 1
2 27 1
0 1 0.35 0 2
0 1
3 27 1
0 1 0.35 0 2
0 1
4 27 1
0 1 0.35 0 2
0 1
5 27 1
0 1 0.35 0 2
0 1
6 27 1
0 1 0.35 0 2