0 0.0 0.125
1 0.125 0.125
2 0.25 0.125
3 0.375 0.125
4 0.5 0.125
5 0.625 0.125
6 0.75 0.125
7 0.875 0.125
8 1.0 0.125
9 1.125 0.125
10 1.25 0.125
11 1.375 0.125
12 1.5 0.125
13 1.625 0.125
14 1.75 0.125
15 1.875 0.125
0 2.0 0.125
1 2.125 0.125
2 2.25 0.125
3 2.375 0.125
4 2.5 0.125
5 2.625 0.125
6 2.75 0.125
7 2.875 0.125
8 3.0 0.125
9 3.125 0.125
10 3.25 0.125
11 3.375 0.125
12 3.5 0.125
13 3.625 0.125
14 3.75 0.125
15 3.875 0.125
0 4.0 0.125
1 4.125 0.125
2 4.25 0.125
3 4.375 0.125
4 4.5 0.125
5 4.625 0.125
6 4.75 0.125
7 4.875 0.125
8 4.0 0.125
9 4.125 0.125
10 4.25 0.125
11 4.375 0.125
12 4.5 0.125
13 4.625 0.125
14 4.75 0.125
15 4.875 0.125
0 7.0 0.125
1 7.125 0.125
2 7.25 0.125
3 7.375 0.125
4 7.5 0.125
5 7.625 0.125
6 7.75 0.125
7 7.875 0.125
8 6.0 0.125
9 6.125 0.125
10 6.25 0.125
11 6.375 0.125
12 6.5 0.125
13 6.625 0.125
14 6.75 0.125
15 6.875 0.125