220

#前8秒
#右手音符
#第一组
#右手No.1
0 1
4 0.0 2
0.0 2.0 1.0 0.0 1

#右手No.2
0 1
4 0.5 2
0.0 2.0 1.0 0.0 1

#右手No.3
0 1
6 1.0 2
0.0 2.0 1.0 0.0 1

#右手No.4
0 1
6 1.5 2
0.0 2.0 1.0 0.0 1

#右手No.5
0 1
7 2.0 2
0.0 2.0 1.0 0.0 1

#右手No.6
0 1
7 2.5 2
0.0 2.0 1.0 0.0 1

#右手No.7
0 1
6 3.0 2
0.0 2.0 1.0 0.0 1

#第二组
#右手No.1
0 1
15 4.0 2
0.0 2.0 1.0 0.0 1

#右手No.2
0 1
15 4.5 2
0.0 2.0 1.0 0.0 1

#右手No.3
0 1
14 5.0 2
0.0 2.0 1.0 0.0 1

#右手No.4
0 1
14 5.5 2
0.0 2.0 1.0 0.0 1

#右手No.5
0 1
13 6.0 2
0.0 2.0 1.0 0.0 1

#右手No.6
0 1
13 6.5 2
0.0 2.0 1.0 0.0 1

#右手No.7
0 1
12 7.0 2
0.0 2.0 1.0 0.0 1

#左手音符
#第一组
0 1
0 0.00 2
0.0 2.0 1.0 0.0 1
0 1
2 0.25 2
0.0 2.0 1.0 0.0 1
0 1
1 0.50 2
0.0 2.0 1.0 0.0 1
0 1
2 0.75 2
0.0 2.0 1.0 0.0 1

#第二组
0 1
0 1.00 2
0.0 2.0 1.0 0.0 1
0 1
2 1.25 2
0.0 2.0 1.0 0.0 1
0 1
1 1.50 2
0.0 2.0 1.0 0.0 1
0 1
2 1.75 2
0.0 2.0 1.0 0.0 1

#第三组
0 1
0 2.00 2
0.0 2.0 1.0 0.0 1
0 1
3 2.25 2
0.0 2.0 1.0 0.0 1
0 1
2 2.50 2
0.0 2.0 1.0 0.0 1
0 1
3 2.75 2
0.0 2.0 1.0 0.0 1

#第四组
0 1
0 3.00 2
0.0 2.0 1.0 0.0 1
0 1
2 3.25 2
0.0 2.0 1.0 0.0 1
0 1
1 3.50 2
0.0 2.0 1.0 0.0 1
0 1
2 3.75 2
0.0 2.0 1.0 0.0 1

#第五组
0 1
8 4.00 2
0.0 2.0 1.0 0.0 1
0 1
2 4.25 2
0.0 2.0 1.0 0.0 1
0 1
9 4.50 2
0.0 2.0 1.0 0.0 1
0 1
2 4.75 2
0.0 2.0 1.0 0.0 1

#第六组
0 1
0 5.00 2
0.0 2.0 1.0 0.0 1
0 1
2 5.25 2
0.0 2.0 1.0 0.0 1
0 1
1 5.50 2
0.0 2.0 1.0 0.0 1
0 1
2 5.75 2
0.0 2.0 1.0 0.0 1

#第七组
0 1
8 6.00 2
0.0 2.0 1.0 0.0 1
0 1
11 6.25 2
0.0 2.0 1.0 0.0 1
0 1
10 6.50 2
0.0 2.0 1.0 0.0 1
0 1
11 6.75 2
0.0 2.0 1.0 0.0 1

#第八组
0 1
0 7.00 2
0.0 2.0 1.0 0.0 1
0 1
3 7.25 2
0.0 2.0 1.0 0.0 1
0 1
2 7.50 2
0.0 2.0 1.0 0.0 1
0 1
3 7.75 2
0.0 2.0 1.0 0.0 1

#8~12秒
#右手
0 1
7 8.0 1
0.0 1.0 1.0 0.4 0.5

0 1
14 8.5 1
0.0 1.0 1.0 0.4 0.5

0 1
5 9.0 1
0.0 1.0 1.0 0.4 0.5

0 1
12 9.5 1
0.0 1.0 1.0 0.4 0.5

#双压三组
0 1
4 10.0 1
0.0 1.0 1.0 0.4 2
0 1
13 10.0 1
0.0 1.0 1.0 0.4 2

0 1
13 10.5 1
0.0 1.0 1.0 0.4 2
0 1
6 10.5 1
0.0 1.0 1.0 0.4 2

0 1
6 11.0 1
0.0 1.0 1.0 0.4 2
0 1
15 11.0 1
0.0 1.0 1.0 0.4 2

#左手
#锁手长条
1 1
0 8 2 0.3 1.5
0.0 2.0 1.0 0.0 1

1 1
10 10 2 0.3 1.5
0.0 2.0 1.0 0.0 1

#单键
0 1
1 8.00 2
0.0 2.0 1.0 0.0 1

0 1
3 8.25 2
0.0 2.0 1.0 0.0 1

0 1
2 8.50 2
0.0 2.0 1.0 0.0 1

0 1
3 8.75 2
0.0 2.0 1.0 0.0 1

0 1
1 9.00 2
0.0 2.0 1.0 0.0 1

0 1
3 9.25 2
0.0 2.0 1.0 0.0 1

0 1
2 9.50 2
0.0 2.0 1.0 0.0 1

0 1
3 9.75 2
0.0 2.0 1.0 0.0 1

0 1
8 10.00 2
0.0 2.0 1.0 0.0 1

0 1
3 10.25 2
0.0 2.0 1.0 0.0 1

0 1
9 10.50 2
0.0 2.0 1.0 0.0 1

0 1
3 10.75 2
0.0 2.0 1.0 0.0 1

0 1
8 11.00 2
0.0 2.0 1.0 0.0 1

0 1
3 11.25 2
0.0 2.0 1.0 0.0 1

0 1
9 11.50 2
0.0 2.0 1.0 0.0 1

0 1
3 11.75 2
0.0 2.0 1.0 0.0 1

#12~16秒
#左手
0 1
3 12.0 1
0.0 1.0 1.0 0.4 0.5

0 1
10 12.5 1
0.0 1.0 1.0 0.4 0.5

0 1
1 13.0 1
0.0 1.0 1.0 0.4 0.5

0 1
8 13.5 1
0.0 1.0 1.0 0.4 0.5

#双压3组
0 1
0 14.05 1
0.0 1.0 1.0 0.4 2
0 1
9 14.0 1
0.0 1.0 1.0 0.4 2

0 1
9 14.5 1
0.0 1.0 1.0 0.4 2
0 1
2 14.5 1
0.0 1.0 1.0 0.4 2

0 1
2 15.0 1
0.0 1.0 1.0 0.4 2
0 1
11 15.0 1
0.0 1.0 1.0 0.4 2

#右手
#锁手长条
1 1
7 12 2 0.3 1.5
0.0 2.0 1.0 0.0 1

#单键
0 1
6 12.00 2.0
0.0 2.0 1.0 0.0 1

0 1
4 12.25 2
0.0 2.0 1.0 0.0 1

0 1
5 12.50 2
0.0 2.0 1.0 0.0 1

0 1
4 12.75 2
0.0 2.0 1.0 0.0 1

0 1
6 13.00 2
0.0 2.0 1.0 0.0 1

0 1
4 13.25 2
0.0 2.0 1.0 0.0 1

0 1
5 13.50 2
0.0 2.0 1.0 0.0 1

0 1
4 13.75 2
0.0 2.0 1.0 0.0 1

#双压3组
0 1
15 14.50 2
0.0 2.0 1.0 0.0 1
0 1
14 14.50 2
0.0 2.0 1.0 0.0 1

0 1
14 14.75 2
0.0 2.0 1.0 0.0 1
0 1
13 14.75 2
0.0 2.0 1.0 0.0 1

0 1
13 15.00 2
0.0 2.0 1.0 0.0 1
0 1
12 15.00 2
0.0 2.0 1.0 0.0 1

#音符判定线
#右手
0 3
4 14 6.5
0 4 0.4 0.4 0
4 4.5 1.1 1.1 0
4.5 6.5 1.0 0.0 1
0 3
6 14 6.5
0 4 0.4 0.4 0
4 4.5 1.1 1.1 0
4.5 6.5 1.0 0.0 1

0 3
5 14.25 6.75
0 4 0.4 0.4 0
4 4.75 1.1 1.1 0
4.75 6.75 1.0 0.0 1
0 3
7 14.25 6.75
0 4 0.4 0.4 0
4 4.75 1.1 1.1 0
4.75 6.75 1.0 0.0 1

#左手
0 2
3 15.25 3.75
0 3.5 0.4 0.4 0
3.5 3.75 0.4 0.0 2

0 2
2 15.5 4
0 3.75 0.4 0.4 0
3.75 4 0.4 0.0 2

0 2
1 15.75 4.25
0 4 0.4 0.4 0
4 4.25 0.4 0.0 2

#This note is also the first note in the 16~20s left hand
0 2
0 16 4.5
0 4.25 0.4 0.4 0
4.25 4.5 0.4 0.0 2

#16~20秒
#左手
#地线三压转双压
#第一个音和上一个属于同一组三压
0 1
1 16 2
0 2 1 0 1
0 1
4 16 2
0 2 1 0 1

0 1
3 16.25 2
0 2 1 0 1
0 1
5 16.25 2
0 2 1 0 1

#No.2
0 1
0 16.5 2
0 2 1 0 1
0 1
1 16.5 2
0 2 1 0 1
0 1
4 16.5 2
0 2 1 0 1

0 1
3 16.75 2
0 2 1 0 1
0 1
5 16.75 2
0 2 1 0 1

#No.3
0 1
0 17.0 2
0 2 1 0 1
0 1
2 17.0 2
0 2 1 0 1
0 1
4 17.0 2
0 2 1 0 1

0 1
6 17.25 2
0 2 1 0 1
0 1
7 17.25 2
0 2 1 0 1

#No.4
0 1
0 17.5 2
0 2 1 0 1
0 1
2 17.5 2
0 2 1 0 1
0 1
4 17.5 2
0 2 1 0 1

0 1
6 17.75 2
0 2 1 0 1
0 1
7 17.75 2
0 2 1 0 1

#No.5
0 1
1 18.0 2
0 2 1 0 1
0 1
4 18.0 2
0 2 1 0 1
0 1
7 18.0 2
0 2 1 0 1

0 1
6 18.25 2
0 2 1 0 1
0 1
2 18.25 2
0 2 1 0 1

#No.6
0 1
1 18.5 2
0 2 1 0 1
0 1
4 18.5 2
0 2 1 0 1
0 1
7 18.5 2
0 2 1 0 1

0 1
6 18.75 2
0 2 1 0 1
0 1
2 18.75 2
0 2 1 0 1

#No.7
0 1
2 19.0 2
0 2 1 0 1
0 1
4 19.0 2
0 2 1 0 1
0 1
6 19.0 2
0 2 1 0 1

0 1
5 19.25 2
0 2 1 0 1
0 1
0 19.25 2
0 2 1 0 1

#No.8
0 1
2 19.5 2
0 2 1 0 1
0 1
4 19.5 2
0 2 1 0 1
0 1
6 19.5 2
0 2 1 0 1

0 1
5 19.75 2
0 2 1 0 1
0 1
0 19.75 2
0 2 1 0 1

#20~22秒
#天线三压转单点
#No.1
0 1
14 20.0 2
0 2 1 0 1
0 1
15 20.0 2
0 2 1 0 1
0 1
10 20.0 2
0 2 1 0 1

0 1
12 20.25 2
0 2 1 0 1

#No.2
0 1
14 20.5 2
0 2 1 0 1
0 1
15 20.5 2
0 2 1 0 1
0 1
10 20.5 2
0 2 1 0 1

0 1
12 20.75 2
0 2 1 0 1

#No.3
0 1
8 21.0 2
0 2 1 0 1
0 1
9 21.0 2
0 2 1 0 1
0 1
13 21.0 2
0 2 1 0 1

0 1
11 21.25 2
0 2 1 0 1

#No.4
0 1
8 21.5 2
0 2 1 0 1
0 1
9 21.5 2
0 2 1 0 1
0 1
13 21.5 2
0 2 1 0 1

0 1
11 21.75 2
0 2 1 0 1

#天4-天2-天4-天2-天2-3组地2
0 1
9 22 2
0 2 1 0 1
0 1
14 22 2
0 2 1 0 1
0 1
8 22 2
0 2 1 0 1
0 1
15 22 2
0 2 1 0 1

0 1
10 22.25 2
0 2 1 0 1
0 1
13 22.25 2
0 2 1 0 1

0 1
11 22.5 2
0 2 1 0 1
0 1
12 22.5 2
0 2 1 0 1
0 1
8 22.5 2
0 2 1 0 1
0 1
15 22.5 2
0 2 1 0 1

0 1
9 22.75 2
0 2 1 0 1
0 1
14 22.75 2
0 2 1 0 1

0 1
10 23 2
0 2 1 0 1
0 1
13 23 2
0 2 1 0 1

#转地线
0 1
0 23.25 2
0 2 1 0 1
0 1
7 23.25 2
0 2 1 0 1

0 1
1 23.50 2
0 2 1 0 1
0 1
6 23.50 2
0 2 1 0 1

0 1
2 23.75 2
0 2 1 0 1
0 1
5 23.75 2
0 2 1 0 1

0 1
3 24 2
0 2 1 0 1
0 1
4 24 2
0 2 1 0 1

#结尾传送
#双压
0 1
3 24.75 0.75
0.0 0.75 0.4 0.0 2
0 1
4 24.75 0.75
0.0 0.75 0.4 0.0 2

#4压
0 1
2 25 1
0.0 1 0.5 0.0 2
0 1
3 25 1
0.0 1 0.5 0.0 2
0 1
4 25 1
0.0 1 0.5 0.0 2
0 1
5 25 1
0.0 1 0.5 0.0 2

#6压
0 1
1 25.5 1.5
0.0 1.5 0.6 0.0 2
0 1
2 25.5 1.5
0.0 1.5 0.6 0.0 2
0 1
3 25.5 1.5
0.0 1.5 0.6 0.0 2
0 1
4 25.5 1.5
0.0 1.5 0.6 0.0 2
0 1
5 25.5 1.5
0.0 1.5 0.6 0.0 2
0 1
6 25.5 1.5
0.0 1.5 0.6 0.0 2

#8压
0 1
0 26 2
0.0 2 0.7 0.0 2
0 1
1 26 2
0.0 2 0.7 0.0 2
0 1
2 26 2
0.0 2 0.7 0.0 2
0 1
3 26 2
0.0 2 0.7 0.0 2
0 1
4 26 2
0.0 2 0.7 0.0 2
0 1
5 26 2
0.0 2 0.7 0.0 2
0 1
6 26 2
0.0 2 0.7 0.0 2
0 1
7 26 2
0.0 2 0.7 0.0 2

#8压tap
0 1
0 26.75 1
0 1 1.0 0.0 1
0 1
1 26.75 1
0 1 1.0 0.0 1
0 1
2 26.75 1
0 1 1.0 0.0 1
0 1
3 26.75 1
0 1 1.0 0.0 1
0 1
4 26.75 1
0 1 1.0 0.0 1
0 1
5 26.75 1
0 1 1.0 0.0 1
0 1
6 26.75 1
0 1 1.0 0.0 1
0 1
7 26.75 1
0 1 1.0 0.0 1

#8压hold
1 1
0 27 1 0.8 0.1
0 1 1.0 0.0 1
1 1
1 27 1 0.8 0.1
0 1 1.0 0.0 1
1 1
2 27 1 0.8 0.1
0 1 1.0 0.0 1
1 1
3 27 1 0.8 0.1
0 1 1.0 0.0 1
1 1
4 27 1 0.8 0.1
0 1 1.0 0.0 1
1 1
5 27 1 0.8 0.1
0 1 1.0 0.0 1
1 1
6 27 1 0.8 0.1
0 1 1.0 0.0 1
1 1
7 27 1 0.8 0.1
0 1 1.0 0.0 1